150 3 1.0 1.0 0.3091
150 3 1.2 1.0 0.3512
150 3 1.4 1.0 0.3072
150 3 1.6 1.0 0.3175
150 3 1.8 1.0 0.3616
150 3 2.0 1.0 0.3566
150 3 2.2 1.0 0.3478
150 3 2.4 1.0 0.3166
150 3 2.6 1.0 0.3156
150 3 2.8 1.0 0.3047
150 3 3.0 1.0 0.2992
150 3 3.2 1.0 0.3044
150 3 3.4 1.0 0.3072
150 3 3.6 1.0 0.3384
150 3 3.8 1.0 0.3128
150 3 4.0 0.92 0.3312
150 3 4.2 0.58 0.3747
150 3 4.4 0.1 0.3816
150 3 4.6 0.02 0.3587
150 3 4.8 0.0 0.36
150 3 5.0 0.0 0.3428
150 3 5.2 0.0 0.3316
150 3 5.4 0.0 0.3309
150 3 5.6 0.0 0.3328
150 3 5.8 0.0 0.3284
150 3 6.0 0.0 0.3234
150 3 6.2 0.0 0.3262
150 3 6.4 0.0 0.3262
150 3 6.6 0.0 0.3278
150 3 6.8 0.0 0.3387
150 3 7.0 0.0 0.3544
150 3 7.2 0.0 0.3522
150 3 7.4 0.0 0.3562
150 3 7.6 0.0 0.3447
150 3 7.8 0.0 0.3406
150 3 8.0 0.0 0.345
150 3 8.2 0.0 0.3422
150 3 8.4 0.0 0.3441
150 3 8.6 0.0 0.3503
150 3 8.8 0.0 0.3772
150 3 9.0 0.0 0.35
150 3 9.2 0.0 0.3394
150 3 9.4 0.0 0.3494
150 3 9.6 0.0 0.3509
150 3 9.8 0.0 0.3441
150 4 1.0 1.0 0.3437
150 4 1.2 1.0 0.3409
150 4 1.4 1.0 0.3416
150 4 1.6 1.0 0.3444
150 4 1.8 1.0 0.34
150 4 2.0 1.0 0.3431
150 4 2.2 1.0 0.3494
150 4 2.4 1.0 0.3369
150 4 2.6 1.0 0.3384
150 4 2.8 1.0 0.3784
150 4 3.0 1.0 0.3534
150 4 3.2 1.0 0.3428
150 4 3.4 1.0 0.3428
150 4 3.6 1.0 0.3409
150 4 3.8 1.0 0.3441
150 4 4.0 1.0 0.3469
150 4 4.2 1.0 0.3441
150 4 4.4 1.0 0.3473
150 4 4.6 1.0 0.3956
150 4 4.8 1.0 0.3428
150 4 5.0 1.0 0.3453
150 4 5.2 1.0 0.3431
150 4 5.4 1.0 0.3437
150 4 5.6 1.0 0.3422
150 4 5.8 1.0 0.385
150 4 6.0 1.0 0.3453
150 4 6.2 1.0 0.3434
150 4 6.4 1.0 0.3447
150 4 6.6 1.0 0.3416
150 4 6.8 1.0 0.3372
150 4 7.0 1.0 0.39
150 4 7.2 1.0 0.3281
150 4 7.4 1.0 0.3559
150 4 7.6 1.0 0.4072
150 4 7.8 1.0 0.4609
150 4 8.0 1.0 1.0697
150 4 8.2 1.0 2.6943
150 4 8.4 1.0 5.3387
150 4 8.6 1.0 9.2172
150 4 8.8 1.0 15.6976
150 4 9.0 1.0 18.5765
150 4 9.2 1.0 16.6267
150 4 9.4 -1 -1
150 4 9.6 -1 -1
150 4 9.8 -1 -1
150 5 1.0 1.0 0.2787
150 5 1.2 1.0 0.315
150 5 1.4 1.0 0.3312
150 5 1.6 1.0 0.3397
150 5 1.8 1.0 0.3403
150 5 2.0 1.0 0.3634
150 5 2.2 1.0 0.3334
150 5 2.4 1.0 0.3322
150 5 2.6 1.0 0.3465
150 5 2.8 1.0 0.3425
150 5 3.0 1.0 0.3422
150 5 3.2 1.0 0.3434
150 5 3.4 1.0 0.3447
150 5 3.6 1.0 0.3422
150 5 3.8 1.0 0.3591
150 5 4.0 1.0 0.35
150 5 4.2 1.0 0.3622
150 5 4.4 1.0 0.3741
150 5 4.6 1.0 0.3387
150 5 4.8 1.0 0.3434
150 5 5.0 1.0 0.3512
150 5 5.2 1.0 0.3487
150 5 5.4 1.0 0.3509
150 5 5.6 1.0 0.3344
150 5 5.8 1.0 0.3528
150 5 6.0 1.0 0.3437
150 5 6.2 1.0 0.3381
150 5 6.4 1.0 0.355
150 5 6.6 1.0 0.3441
150 5 6.8 1.0 0.3462
150 5 7.0 1.0 0.3472
150 5 7.2 1.0 0.3494
150 5 7.4 1.0 0.3456
150 5 7.6 1.0 0.3481
150 5 7.8 1.0 0.3525
150 5 8.0 1.0 0.3444
150 5 8.2 1.0 0.3497
150 5 8.4 1.0 0.3478
150 5 8.6 1.0 0.3525
150 5 8.8 1.0 0.3503
150 5 9.0 1.0 0.3566
150 5 9.2 1.0 0.3391
150 5 9.4 1.0 0.3491
150 5 9.6 1.0 0.3497
150 5 9.8 1.0 0.3547