150 3 1.0 1.0 0.106
150 3 1.2 1.0 0.102
150 3 1.4 1.0 0.1045
150 3 1.6 1.0 0.1002
150 3 1.8 1.0 0.1022
150 3 2.0 1.0 0.1057
150 3 2.2 1.0 0.1036
150 3 2.4 1.0 0.1029
150 3 2.6 1.0 0.1041
150 3 2.8 1.0 0.1106
150 3 3.0 1.0 0.1057
150 3 3.2 1.0 0.1074
150 3 3.4 1.0 0.1094
150 3 3.6 1.0 0.1083
150 3 3.8 1.0 0.1121
150 3 4.0 0.9 0.1201
150 3 4.2 0.5 0.1402
150 3 4.4 0.1 0.1333
150 3 4.6 0.08 0.1315
150 3 4.8 0.0 0.1181
150 3 5.0 0.0 0.1179
150 3 5.2 0.0 0.1203
150 3 5.4 0.0 0.1167
150 3 5.6 0.0 0.1099
150 3 5.8 0.0 0.1169
150 3 6.0 0.0 0.1131
150 3 6.2 0.0 0.114
150 3 6.4 0.0 0.1114
150 3 6.6 0.0 0.108
150 3 6.8 0.0 0.1148
150 3 7.0 0.0 0.1159
150 3 7.2 0.0 0.1112
150 3 7.4 0.0 0.1092
150 3 7.6 0.0 0.1108
150 3 7.8 0.0 0.1152
150 3 8.0 0.0 0.11
150 3 8.2 0.0 0.1094
150 3 8.4 0.0 0.1076
150 3 8.6 0.0 0.1082
150 3 8.8 0.0 0.1075
150 3 9.0 0.0 0.1075
150 3 9.2 0.0 0.1115
150 3 9.4 0.0 0.1131
150 3 9.6 0.0 0.1174
150 3 9.8 0.0 0.1068
150 4 1.0 1.0 0.106
150 4 1.2 1.0 0.1073
150 4 1.4 1.0 0.1055
150 4 1.6 1.0 0.106
150 4 1.8 1.0 0.1086
150 4 2.0 1.0 0.1061
150 4 2.2 1.0 0.1077
150 4 2.4 1.0 0.112
150 4 2.6 1.0 0.1073
150 4 2.8 1.0 0.1143
150 4 3.0 1.0 0.114
150 4 3.2 1.0 0.1134
150 4 3.4 1.0 0.1136
150 4 3.6 1.0 0.1072
150 4 3.8 1.0 0.1142
150 4 4.0 1.0 0.1158
150 4 4.2 1.0 0.11
150 4 4.4 1.0 0.1088
150 4 4.6 1.0 0.1086
150 4 4.8 1.0 0.1102
150 4 5.0 1.0 0.1106
150 4 5.2 1.0 0.1134
150 4 5.4 1.0 0.1107
150 4 5.6 1.0 0.1127
150 4 5.8 1.0 0.1157
150 4 6.0 1.0 0.1139
150 4 6.2 1.0 0.114
150 4 6.4 1.0 0.1113
150 4 6.6 1.0 0.11
150 4 6.8 1.0 0.1146
150 4 7.0 1.0 0.1146
150 4 7.2 1.0 0.1198
150 4 7.4 1.0 0.1221
150 4 7.6 1.0 0.1311
150 4 7.8 1.0 0.1823
150 4 8.0 1.0 0.2168
150 4 8.2 1.0 0.8226
150 4 8.4 1.0 2.2708
150 4 8.6 1.0 3.9893
150 4 8.8 1.0 5.7742
150 4 9.0 1.0 7.3288
150 4 9.2 1.0 7.9665
150 4 9.4 -1 -1
150 4 9.6 -1 -1
150 4 9.8 -1 -1
150 5 1.0 1.0 0.0996
150 5 1.2 1.0 0.0978
150 5 1.4 1.0 0.1059
150 5 1.6 1.0 0.1039
150 5 1.8 1.0 0.1025
150 5 2.0 1.0 0.1097
150 5 2.2 1.0 0.1105
150 5 2.4 1.0 0.1119
150 5 2.6 1.0 0.11
150 5 2.8 1.0 0.1098
150 5 3.0 1.0 0.1094
150 5 3.2 1.0 0.1111
150 5 3.4 1.0 0.1097
150 5 3.6 1.0 0.1129
150 5 3.8 1.0 0.12
150 5 4.0 1.0 0.1095
150 5 4.2 1.0 0.1107
150 5 4.4 1.0 0.1091
150 5 4.6 1.0 0.1126
150 5 4.8 1.0 0.1109
150 5 5.0 1.0 0.1095
150 5 5.2 1.0 0.1107
150 5 5.4 1.0 0.1137
150 5 5.6 1.0 0.1129
150 5 5.8 1.0 0.1144
150 5 6.0 1.0 0.1177
150 5 6.2 1.0 0.1103
150 5 6.4 1.0 0.1127
150 5 6.6 1.0 0.1139
150 5 6.8 1.0 0.1123
150 5 7.0 1.0 0.1122
150 5 7.2 1.0 0.1119
150 5 7.4 1.0 0.1113
150 5 7.6 1.0 0.1115
150 5 7.8 1.0 0.1116
150 5 8.0 1.0 0.1174
150 5 8.2 1.0 0.1138
150 5 8.4 1.0 0.11
150 5 8.6 1.0 0.1109
150 5 8.8 1.0 0.112
150 5 9.0 1.0 0.1122
150 5 9.2 1.0 0.1095
150 5 9.4 1.0 0.1108
150 5 9.6 1.0 0.1103
150 5 9.8 1.0 0.111
